23917697
13581389
58366619
29901463
65442851
65556427
81867077
71045231
72748451
96157343
35403559
45057203
38074133
42739159
21012371
71418463
52023743
83014969
23876689
38056913
84544783
80324341
89187563
86051221
80411843
93073411
47708099
28061051
59353751
52564367
10804793
86837287
95095213
31143691
83584057
29374643
86888093
31323883
31568281
21342631
48064351
87706189
17991569
56129917
72883189
58203373
64315637
15216221
79183067
97050427
47271551
51219169
26982563
96916931
76880569
58243877
71233751
62650297
67967023
36349333
72877781
86642723
45073771
32770961
46199567
94755137
85374571
29270827
64100369
75571387
31592551
98019421
27129287
72035357
15918313
45275963
83561189
51943753
91514377
68839079
11883149
23674951
74318537
41060057
53665013
92146883
62078659
69989077
25436759
28892317
29264083
54918053
17222287
10103843
98513951
80071703
57549799
24396793
15045917
31333871
