84035239
99938177
33128273
51560477
40325287
97462021
94560559
69351511
91506959
64484363
53373821
54172871
72696499
46400933
58601449
55557587
85819651
53255029
45563017
51321077
17819611
72804689
49628443
19916951
46561897
64653971
97603027
21345619
23747749
40404527
96595859
62474129
91009559
97773551
56841529
11543647
92978957
50349547
78249719
92382083
57923629
84116371
86215757
60199949
43100419
65368819
30713623
24826621
53495587
95519857
69859379
59364031
62224423
22198331
18104461
45663571
98971813
25538701
27463147
67961507
65110291
74463317
90914891
91067129
21652751
18726101
43801951
79510591
89271911
97276009
72963299
64876423
94060039
61362709
74726903
14090497
99838117
51977767
17358569
84490621
73550437
53314837
96391721
19015603
32308519
24171793
49225901
33290897
12659869
42353737
73749007
17001269
29396011
85782049
14828237
43637849
36120061
10022791
51124903
87895859
