71793317
93594139
40689641
11343203
52911563
18260357
77472047
43015873
16226537
39023351
70373129
67735541
37269077
87251929
41840437
46645013
43704337
87101767
91289831
14605751
39755647
58523281
93651067
38269019
39096367
24076807
15879251
71077933
17736853
42547249
38786849
96846271
92262097
18437183
56594339
79900991
32364931
48816601
92532149
88054471
61872467
67286161
95441699
51939751
13785377
42645929
37930807
34768441
53978257
74047081
52725403
77384869
80933443
48335689
82860373
11125619
26114999
25566767
16838317
84846299
45614053
98641891
52223117
82779329
48522569
13870529
60655583
86441917
54226177
64620203
93449329
61869481
64510547
99451123
86984069
80808641
37240067
79982927
48856849
85961851
44869229
70190821
38170907
90287651
88308589
31740019
65101573
19810249
11264437
41063761
80840923
48908687
10806401
18689959
91906193
86575831
98463727
73308611
16579817
87619667
