19659223
50669327
88478513
94151411
98238229
77736629
22238351
56320717
32910461
49019881
46234777
97998529
51102829
34085209
84275489
29615263
30136409
71244577
22918897
49658537
55503323
84607337
59224751
32695529
95683711
83612561
76676231
96181271
99850631
79738807
26394001
84786101
61313267
23415257
49352507
36430253
24753467
39397733
27598271
21575531
30084499
99408053
37032487
35312239
20328367
70261489
23691097
59605253
90271123
41471153
71462189
69710419
61781177
87502661
92646439
74318693
31626167
65894599
77307403
68958091
48993853
70489547
36387437
73018667
71284501
68211329
20635009
12721789
58261523
30078241
91606061
93958001
61226701
82127077
28970563
54769171
39300671
14499839
69534263
20810743
89243051
51461083
53002171
15645127
51924437
85378411
36031013
85746809
69003349
23682773
27459017
85454233
95475671
48483377
56998237
12309289
31966391
34219267
12730831
14862151
