17102009
87598111
25869379
40625267
25130201
54579089
64165559
35859259
76520593
27006227
39548713
32792567
72481463
55244719
34706899
10789501
35008459
10401583
90401713
41358509
40085831
54200243
63589063
89288051
50010137
54936107
58827133
22163509
63010751
27763487
92539919
55930093
32406107
14721521
50331187
47359027
13072219
53743037
14699687
38952383
23310401
20835553
28678253
19571033
32921387
90407341
82326481
79886627
35120251
58355201
28694927
40244027
20484631
26553629
83045269
31287353
96229643
97131407
31050377
50945591
65827199
59509631
11792983
79761271
33727697
79370479
31082827
97842337
99235897
53422151
84415349
72264421
83677771
58965527
72190199
85485563
19258231
47392019
44700493
63010097
42680503
77552261
89876749
90664313
90219523
25057387
88706227
90707753
96422779
78813821
86502161
30917981
43958653
24919721
75788653
38820373
66544237
79669001
33991679
33878269
