97590343
45425287
83607109
16316207
54267193
27067133
67454197
72317731
85430413
96246049
63437347
43725949
45578381
92721949
19789801
50669209
25786199
29710397
23763809
88468019
43384039
53275973
24404321
44053049
26076229
48820561
36985853
10004983
93933727
39633773
37227871
33166823
66120149
90367997
41336389
51002741
10707899
15787909
91757641
20334257
13926413
87150599
21092249
68009549
29674993
49759961
19145593
30466589
16887151
44435299
19746283
34979717
17702803
22893523
30331523
89226377
11374163
17548549
88879411
94693801
25713577
14590687
23052131
17458823
18758867
61652611
89750231
49416817
67299851
32238601
44199553
29394763
21576853
59635663
28774943
36700429
60038371
95662003
89130863
57524767
17456767
37473127
86516407
87703073
89757209
83967967
41547217
74831189
62501041
15312679
16985953
95581777
28627691
11710987
46387807
96239071
94935233
59463377
19359929
28061743
