61210517
14365807
41722829
30512641
40077607
23889869
45801997
66734411
48021097
42755113
50798623
67334203
71087689
36355013
95026663
70835407
10667179
15729221
14675191
42497099
52629761
58434811
91547549
43852481
46045927
71071123
79450961
57995207
56475259
81285877
72889511
62143363
84134327
68237339
50567057
33808109
78607183
35747477
70249853
33057677
45132851
54507721
67690327
84734711
41445427
77769953
39133069
35286947
91705349
92423557
98307347
18842599
60782849
33666859
43727581
38261473
10900007
52753853
71335993
58290823
93403379
82555049
11699243
69716077
67499683
22080103
41097283
40666303
64023979
32232043
89970289
15445933
97649509
13023761
88462217
26182367
87741013
53370721
79253393
61892203
23525027
30562801
38961847
27461143
26549143
56224139
67024703
69229717
12311219
32206529
93715879
24957017
56597291
93299851
62158891
22561039
99038477
56735333
73702471
14074331
