22339549
39735991
57968609
67912679
84994153
74338007
72679927
69189061
64784861
32405897
78171551
30171181
80335763
31516951
88950809
13115591
47945983
12112739
15076379
23993003
92559059
23794307
45773461
76272187
96486823
41762927
21246133
55109149
92333837
46799971
55451503
15476389
65927671
96277151
25124287
92742821
74992901
18893191
22652471
34555201
20156029
64226081
74657963
44327377
12548729
57622349
46216783
97258673
55024777
26375731
96296359
41542483
80141939
66235511
25574299
77092579
24334397
77145487
56837401
33998663
46044293
57136841
95730629
19139209
12881251
25555613
98618419
21057053
27761959
51033511
31164829
81346823
74541283
83791021
17994673
31774019
64583341
85231147
14535811
96614443
11406127
64636861
87738857
21116399
54980231
69435787
34453997
64377629
24894823
39525949
99835261
45264577
96085597
59385283
40959077
17205239
94629791
80900983
74445773
61992031
