92148403
12842023
21929027
51670363
68769917
58705789
38195933
34505113
22788761
76509971
38019911
76775177
81603559
77966261
26622259
64930207
47282821
46542541
55756133
27936683
91387181
68770697
42380447
41002043
99021613
89641151
80312017
98374921
73211353
13442449
47030783
70694761
12081977
89242919
19307039
36717713
47008007
25089529
89177267
92808631
38933579
91452479
42818999
18438373
38562367
93956809
37964293
41086259
42651949
38179019
32449097
63512023
94177337
58106519
17404391
74414707
33738233
47476183
56683513
26099527
51915641
59061241
70153807
82186147
89150449
82176167
77199139
69110869
78804311
19981007
57124643
58879907
85789063
67198177
77363443
66387809
45553517
63632813
29062273
71953939
55347179
91716409
82303201
88599187
13921651
76052023
87776033
85879879
74906197
72378223
64759939
39328999
87098897
80823517
33464791
78695893
75857377
12314479
91435933
32790113
