93452153
60962131
45080081
48508169
60609359
57376259
10120969
88229989
59578457
20333713
47523013
15302767
91328203
82383481
93359339
48751949
68410451
34542491
92109371
68106691
18744937
60704041
72262439
82471757
96928409
88561409
99260471
84946391
68397379
98945837
29855981
19145681
49045291
62412671
94288087
13082171
78820171
56939503
15217039
77782963
56181929
27732269
85737217
25963813
87945899
29359543
42065533
56421293
54002609
75144541
67761713
54784859
45475039
66434689
24467297
69637979
44088563
48086287
26857189
44974117
63524579
50511137
48986263
40667269
57361261
95503669
83783933
46371583
44183479
62685197
73630639
40054207
95371693
15190453
31548823
13557457
15455591
92304803
26130823
35132687
87441713
90328171
37751503
42955021
88617673
62070067
78138419
13889191
91558721
42346621
80679427
67584383
97834817
97466267
63357577
74103431
42405877
60490039
60675799
31623223
