60527471
67910081
25710491
26290247
53560789
88684579
62385503
98379551
92699851
79485751
49221721
74676209
15106781
77008913
90615583
41478421
42292717
18153137
20527289
21215287
90724463
41536657
16136297
95160073
28045337
40440259
82878161
34534573
16636909
11830043
45254311
10441633
47873591
32016641
65619857
34533337
25568759
19690721
30250151
82621523
82186183
67748327
90675139
83163767
44455127
38848231
50092871
54283937
84739267
52013519
10522207
56062637
27490807
85836761
94793497
18814771
42612347
25405313
91970441
33256697
91430609
96214031
45786919
80758369
57007177
15812393
65322839
25618499
45128233
77259547
83336263
14554831
47259139
90312533
57240919
46980889
34178407
15092003
16630489
25604167
76072279
32322467
12429367
65140711
59098301
94957469
98837243
34738559
30991501
63317011
29516887
27396533
17749549
68138809
98560061
14490793
95855371
11943929
52825169
75206771
