69108311
10447523
25298069
57720647
59953291
91897457
89433427
52481617
57020269
19099013
65425427
57157517
73859641
54467599
81676423
93227389
81646459
39391699
46152683
62770663
78110353
89116477
66775327
57392953
19628971
17356289
24652483
17893619
60150151
94404727
77875573
45801491
93466463
54109411
73833269
52601953
21202547
18275069
87743833
87288007
58247209
21631619
91623997
17806771
77238823
15241169
21226837
78762703
48049591
72744233
55059491
27686179
18411059
43348717
28616201
64325141
27416743
42495667
93015073
17393339
11220551
64336849
20471291
14618347
78982571
71575547
61813333
60020957
77574223
33199069
20425091
23279701
38640211
97621787
30692719
84253969
78036533
19548653
94886149
40431119
34085899
49762627
30195167
58367977
42374641
45788549
63445841
75981287
25342001
72908821
54815557
74411221
34244741
23141057
15982289
37833539
73865321
50046343
73959013
56409473
