74554553
14298439
67183091
11167423
95008279
92608181
64839373
81936817
55255751
47317079
15031909
45795179
97714303
81507389
39345949
13155913
28308353
72506069
67139957
73235287
64730761
28182233
32725783
76318987
19915267
20113453
74900041
43415081
93028907
11892787
18988621
27970643
42717403
10025233
91138379
74955473
79188071
38452319
29526521
68453323
81205987
57965449
36925937
83858893
42374929
99091543
25114651
47995567
98001751
18856207
76738903
68485931
26252671
33438011
89738447
80230487
27396221
27928639
22369703
14067943
40662311
88580491
13355101
19191541
99867409
37633073
31420327
22104491
64342517
37127723
67580753
78622403
70955113
53270227
53153141
34877533
44534837
83818169
35086969
84454961
38144929
10342253
25448233
89094139
36845899
12286333
15075421
26120137
90043687
72393929
24631891
50143447
88238473
77016853
43193069
17939633
93637079
11612303
13270799
47103893
