26189861
85255693
72547411
18040469
51056081
27557063
49034539
13086343
98539603
21489947
85283909
37436449
25780673
61785641
97123699
47507701
17394259
99803479
93009031
55382819
27174991
76350601
46629397
81234289
25998449
13131589
21849979
38035421
84956009
74423387
97888177
22086943
23726063
67835431
11214023
24809891
82672091
79393159
51316813
27126947
70131329
19071791
20231677
91554823
47313281
85573861
10967519
69278137
53610257
70961323
84073481
39540889
51381059
16130759
79606361
91210859
82596847
98251709
44067847
16950491
50633771
24347293
57000529
80076253
11222021
29567177
13662829
89708923
18548107
49335163
55896691
79456957
13946293
48998897
67049951
49156117
42398267
23793389
92242769
16378097
55425751
83077289
93756209
87489307
24665437
83913233
49270201
61864109
32537353
51096559
70221793
62257991
71643197
16237597
14616533
60067937
55604347
45226609
10194881
44683447
