83516539
51105533
92410267
56430929
36201547
67286287
97278667
69070517
51465299
43167587
44956081
30042121
46596587
37963469
27034069
86321747
90411007
44624861
48426223
70519973
46080061
20881867
36090487
94673927
62141369
72413687
86243107
11620489
31861243
39901913
26589023
16482457
58288603
86641439
12862247
40461023
27484277
40944731
29115991
61374331
94197583
10065271
53621509
97679833
51444119
80695987
33666691
89085067
35283197
66288721
87869963
42650617
52226201
21825071
32913469
56584753
29252501
40371959
12467269
16376263
47096173
80251453
95700749
23330623
51565187
71856779
99003473
42023363
19621639
12578161
67546663
89499173
79610963
51007687
81943187
86862989
78370001
47448403
28383221
57495103
50186281
30498019
32625007
20123539
23341397
31095749
96435931
52875533
76559983
54415343
90368791
41533649
23398399
36810677
94595899
38463559
43211533
29851231
17122843
56143039
