42599629
82030037
42231809
50259659
49763041
17359211
21533737
69641573
39842771
68017297
46749721
82976963
40646741
76036127
51922261
52918163
45995419
97034543
95257021
39205063
17111447
85469887
28662973
72126211
40861889
20063749
14797879
65643673
21878939
22958303
27806029
66956069
37558817
50629687
95356523
24398443
12877433
66036101
33926987
61828693
92130461
71085997
75130171
58717369
35086739
58406753
33602077
50923651
15573917
49265737
80647739
69052667
24206449
46754881
17009687
71289341
71563711
49452673
24406861
78361433
33253897
90004127
90453329
30153293
18435133
77643551
87661279
78210169
24040403
27308573
58348561
26950481
90597179
23490679
20252807
21571903
72091847
23513671
84526259
18159797
50529581
41944247
24582847
23197001
43292779
72133349
99800867
81136793
27863767
41264693
36472801
25117111
74588123
38890039
33015263
65151899
82107317
10416893
58942099
78877699
