19811923
39271831
55122497
60904187
99276953
78217501
95418629
79059691
43888703
87277451
55215119
47398979
67481987
35927959
87525271
34997741
46839113
14108309
59361527
30630619
58352467
17059621
39200207
34275679
57207743
80487779
26198591
98827483
35609377
57207677
84913393
78719149
81653557
21144119
97293349
17227891
19055591
12522253
77932703
28990757
21685457
37666301
69350549
94491311
47219941
48399931
62922011
19587679
89798773
83011241
40760201
62639989
29965357
49414159
76630123
94108459
71277137
41415271
48597811
91342673
36346909
67439599
82158529
75320317
18228157
51076853
78173449
28035263
18602713
32104399
32158831
90676343
92440009
71258893
90800719
62156569
31334321
88429277
51332783
18893723
29790413
56730697
36823537
15867557
19504951
87158053
58175413
70663993
33532861
33403493
55592807
74769559
20989979
11900303
87101701
83643559
77593619
52829113
93677099
87498193
