60593927
33608203
52355519
46712723
44871679
72756433
15998069
72735583
19531859
26766851
28202389
13700651
79148191
12743453
42295951
91325029
61748977
67975577
11612597
75934153
32656453
77068601
18728459
57350831
92763929
59359301
74773423
93956111
59682479
10739759
85888871
87722093
26004497
38812013
37808801
64084987
16476631
96289681
45472307
61673063
94510789
92398967
61323191
49701383
47024969
72136621
64589663
83982359
93805637
50972521
26131619
84111343
69986167
83296261
63151783
64669219
23465231
79120267
18487037
87608723
45910901
42800209
55468891
16398743
38481307
12398303
24229069
52675421
32148407
37928269
68405321
38618077
32444519
19651633
55547201
15155813
31424593
86779727
76250387
36657167
49705823
71007119
75469073
82810267
52767929
59471879
65725739
13945597
50458957
93686339
73615247
32118791
71735219
49965967
89959031
54932861
18215251
61783507
32137687
48064873
