96006931
77652229
75910361
63700613
49931149
49533373
39057523
95922107
23495807
38076179
92472859
58738661
61737079
45177127
72612847
71153059
90157577
16664867
21787603
78591719
64471091
85196119
68464673
31983121
18558623
39360259
75393407
38174921
54107869
11631443
25411423
81972883
85211891
90217151
89620873
94565099
64829137
41898431
44948573
48228553
10283717
68841991
56242621
42554159
35262533
62408123
40368571
13850159
15151373
80169209
94850699
88014889
79821719
12927983
90545237
47636371
63643289
33199687
47333513
48873971
14383231
97744627
35378089
97713541
48272011
85563493
66136801
99477923
87385163
39361789
59056177
64084871
40213853
50195069
76974973
49025981
93296353
43204663
15020389
43034041
55864343
49741361
64769477
56386067
44586499
64212283
64924831
14080477
40256369
84617917
34246453
31146169
61112627
52907737
29703997
15702979
11624323
11825833
18555209
16694809
