80855993
25031333
40373747
98008943
47857441
35862259
70444523
80160233
27601681
69255523
83266399
65741911
58670699
34080757
85833337
92541103
77632189
92508319
71631199
29584169
23655349
15856793
46140667
21433553
33387689
80710337
92429963
76771637
24800627
39833081
81235541
99384157
86009501
80254597
37696951
69740101
37672133
29847871
41646533
31713127
14255419
35615603
94088509
64666331
90372199
32202491
71714549
87474269
99012707
99268171
49250633
35337593
10030451
58805039
34592933
57960407
44398147
26383703
91440121
66837983
10045213
21055399
57657997
48020837
70649653
16890859
35461267
99249739
42512467
97890673
23887651
71334509
26199031
42018233
13377701
20561017
38268253
61734121
47406553
52173893
27293983
94483031
38951929
65925703
93246883
28396859
24623017
83587513
51651013
52183991
91749979
43740559
84274079
34934513
47496797
57958787
20289911
20796493
90909883
84275327
