18306259
41404091
63678457
56964881
79974523
90768791
76103119
67362079
91644701
31224383
79918303
50151307
11400497
98795743
98466791
32747173
19438087
60998293
93447863
35167907
39726859
66871747
36619483
85490723
28332461
96197389
55786487
58746229
16989367
33721351
97374133
67965349
86133583
57930617
93503957
48967027
55121993
84912613
14835049
41140223
13960657
23938807
10287271
97179449
16665277
32421689
99934741
30574979
34795421
65549299
94473217
78799561
73779347
87625567
69118669
90088807
34419521
14240791
36407681
79699981
43302631
88968967
61670179
53060171
44223631
42072421
39616099
96091981
43370317
57937193
40025399
92588429
43917637
83867671
62087261
56242723
33280099
37704811
94282469
79050593
90543689
76237307
37111757
22120937
31940219
43876081
20462357
75928877
31034149
44366837
17692079
92016209
67106159
93325577
49573357
84903293
87900487
23530231
57846251
26183797
