51687761
23929579
86826811
25020421
31027033
94684189
21396031
57208939
48199817
22497091
41859227
37747783
17691007
95225419
66928207
64433771
81347309
21037589
24903583
42534377
19678873
48313843
86406139
15162923
44333309
12802417
96354127
71538821
88887133
79842583
86043521
47228647
54065629
24012217
87685253
14884487
85423061
26152157
85467509
18528841
25877431
90268579
87726481
55011841
92564867
71237687
24003043
67440089
34948807
67601687
58037233
32547091
63069953
23009201
84845473
36691373
79971601
26570429
48433339
71199257
57010297
83464391
27070597
66623003
44778641
61634669
41142419
16098191
51657283
10194733
83709323
98263973
81804199
77544367
83698457
75217169
10223923
70969981
93316721
83822951
21490013
18443137
50518537
95667193
90703649
61541047
92272007
70209661
24949849
36842867
60419531
94421039
87977471
65344343
87799963
81630167
67720363
12262123
69928699
90149989
