65017517
35789917
10557721
99448889
52347773
38072857
34775207
59067929
19612667
24999017
21109409
58300397
12181781
16630589
25499057
12458681
81102011
46287121
71931841
92051873
66810343
16904809
41410601
96091859
44550799
13409323
48912953
16571459
84896489
11170661
23388143
16130617
37009327
48398341
97815953
95116369
73290299
85282723
97742269
93957529
47137543
46049009
28281433
83030099
74508869
73544893
76971031
86498219
61419563
32929499
32232301
59793113
70106711
61444373
56519153
89507333
22405067
87120493
17446873
14133211
84370411
43867039
62433643
35852891
36988751
59527177
41908883
23000909
30233867
64636657
55272089
46320871
42688663
44141479
74106911
90147581
26958223
82091203
55210061
93087493
94985081
30075049
59884849
83675021
21052253
49400831
12839677
65713261
38261477
20374903
38491759
34620979
48126733
80810239
94002487
89608471
31980259
57084823
59679479
21885569
