30350231
40993063
46066523
39477007
74536967
71639203
57686087
43350961
46867231
77353813
42048233
29259121
65856569
19392899
53245471
99163399
92809361
79389811
81527063
59741393
27658733
62940547
51617299
57128083
22499077
94194481
49271317
49609841
11169931
38231131
65101559
36540263
48682873
98943479
56239699
31210199
58451857
39153011
87048839
65252389
78267727
72709249
24581551
93576937
14989463
10116079
68364587
95086319
66339017
37698217
76789283
58727623
99710707
41750231
92744161
45837257
43677961
56792371
17636081
40942423
45446543
49705151
89410621
37999859
11066729
19601947
35787377
61723639
44692423
26433307
16970651
69622471
91870979
44135963
88978579
22699429
72748483
97206047
50338021
79070203
51928973
94280297
98533961
30576253
10425697
57659351
30356801
37717819
54193481
29801393
63935471
23026793
44357279
68553053
65364037
45564859
80767327
16428913
39087953
43428373
