95591591
42964139
67267339
15030997
24292043
33234809
99397741
26111539
62559401
20891041
41625613
72791557
80356951
58772297
61196899
14309177
93158761
72426251
69479467
38669867
58319699
89917871
65429477
33706081
54825299
96938797
76152491
81214997
51498989
49381511
96744383
69694213
31644359
66216851
11781761
95008601
83974621
72405407
72027983
17156467
49539011
72416909
39822151
36115579
72672749
19978457
48117809
32933161
40441699
77949701
41545513
73558561
39979501
60534989
53526839
88036649
74142599
33430541
40905989
36688163
90002279
37401233
39218183
72987877
42467939
14855101
13320029
64137433
55244503
49023347
36136057
40235623
12565871
28341721
73346929
33907747
55339589
48728509
98842391
64780091
94897037
62498663
52679789
95555507
30310927
64992443
43280143
33937349
12743477
86029081
27952481
10922939
94089131
65311157
37370677
56819303
51499289
80206843
22013161
77688599
