88349837
14803667
55594543
64660987
29032951
74946743
95712013
90108329
77128921
81063107
67359583
87859657
95972713
55456393
68834963
76105181
50334293
88405957
90015241
93289849
51671021
59804711
45660887
88419923
97496611
63272449
90723289
38508251
50880127
59404907
54078691
20470831
23145923
37349959
62939771
11208209
39384797
93291571
53340061
52835021
47460869
98209897
93091927
81694981
35951197
59481767
19831813
56956793
30239003
61755329
14773903
46105957
76097509
91442287
65847697
52081019
29314177
83127347
42509053
22419119
18882821
31070867
72092609
31139627
64777511
88419491
42162971
26610809
13726571
90439681
39419339
59724149
56106929
62053249
41833369
51792469
51292789
20348161
42710671
82692713
38964889
52732747
36430957
68213177
62641207
27677029
76775639
75391319
80773267
43064323
25837597
38271613
34215547
15386677
16129691
72036971
52095341
12081733
62577481
40345661
