11543551
56849959
47045347
71304949
81416963
97478533
73591379
13034363
22022573
94686743
25069393
39069011
10668907
79096429
81821197
77409197
40894801
64002349
41920433
38237261
26311151
61542751
35982101
66537959
77189977
39780589
48161227
89429107
31412977
67238839
42651157
94854931
40377943
94870991
96990511
14309089
73355759
43609177
44363141
75693067
74118479
81703159
30617837
72614783
95114717
78388039
70570447
57127619
29052323
28352963
44565359
12199073
54551969
11941711
34548817
73115717
52863197
38340587
99120019
36604129
98528501
72012569
52690241
29393809
29806331
86635909
61185287
79440527
87958219
22404881
93032213
46049879
47744561
73788851
81536639
53508439
23737499
15673621
33324391
10397419
50760211
49950191
42043871
43870109
50626049
96987719
90776143
55614059
75268423
25614653
36973091
58535381
79479061
32175617
58727897
90269629
97264847
70267291
97593893
30765517
