23939917
20917933
77421163
31001221
32196863
88448599
33337303
68953403
82599883
11173073
49663337
85059427
47755427
69392941
96418297
92125783
73856941
68295869
41867803
46445233
13829357
24780307
91900201
69878213
61077371
70924199
77591057
77001311
18034351
12638683
93359143
74137319
26783333
74050309
54328199
99211081
90224543
88725493
13280327
69706067
35455243
66539321
52991129
90763139
34943977
37811899
33645889
38597863
94801631
70930753
10864813
61005559
38278717
86087237
96755261
27911269
17624963
24868621
83353477
25671221
66080857
42482177
62289863
34348459
24787561
47779957
62386609
24133253
12541747
88762211
30877009
99167609
73207159
26069383
72415841
75323533
54802303
20717947
44240309
30152959
76726733
82452031
63203071
12639229
94611709
81669773
34323143
51826147
26053429
91792559
18307039
15396643
75830383
19216927
67017659
27156611
76518667
14469589
24727897
47217013
