18574021
23016541
67885889
48806717
17095373
98252771
78691409
73477717
45876797
14680513
56695631
39079331
16542017
21423161
82448579
54130781
88655267
49629901
13492187
53844367
13551101
28398523
47737379
65919083
46541057
82560587
19599401
73182443
44042959
17209273
67064089
49677443
19705909
21365017
23763379
72701281
97823273
61346167
76283017
91198259
27883411
81009629
52449323
69709811
14227153
84359839
14585257
91584193
81582857
96045203
86426491
89926147
53042287
52419061
57698057
83439709
50804869
11158891
69280109
36173279
70566731
39505303
85349633
94915049
75744847
61787701
29852209
90639701
66011713
21914171
26988121
78232939
77980121
27529387
20507549
42965981
61108559
95760967
31657711
97691471
10585483
30151481
61292351
72237793
55403897
89539781
79177459
34758613
88450963
50464759
21111287
39158969
68151301
66972863
41528099
22322129
96424277
31508567
36539543
67331843
