58926797
93989393
54597467
51051097
79329167
39758977
17218441
33136811
80662663
28345099
71498759
95020987
16641979
33731681
72778333
13574287
94493263
47643529
95993347
25091159
24440891
50358331
56870861
25702669
35772713
99280063
14040821
12881203
62714623
76943123
44732977
95419391
18719153
23179747
85229783
41788613
64283983
24232987
25377689
81330493
18081667
69152747
17336731
19385771
87418223
47667107
75694741
34854997
54788653
27968113
66467579
21545039
24548987
92946509
68764573
31939667
72412867
96214109
14245493
91236113
63432179
64409053
50454409
71643101
64240993
36567101
72781201
38512303
28405219
63603721
12629291
14116087
46630681
86168527
86601577
39127087
28821131
40739659
85815991
24624407
79642657
63570937
54501739
89860123
43126241
70322843
61595903
10711097
87298853
29030657
84988837
50735291
78214663
88758269
71640493
28723663
66827197
58893047
80441069
57019439
