31512703
19754671
73175087
38185711
99125597
58197091
73857181
29684341
99946337
23081683
68285323
56731307
48027919
55007749
89374319
24303329
11195081
19613579
68319019
28184461
72505049
95536799
92397619
46809739
14179943
40792691
58463429
97946269
96952957
78384469
71621491
75343913
59668811
91492693
18915443
11931827
96321889
32158561
71586301
42151601
34166971
93407663
44069651
49156033
22751009
92559947
16286279
28253749
42610951
36695977
11518261
10492091
50143589
43647073
12982751
63390947
57466049
56855231
28223099
65007301
73437389
24056443
58555319
47903809
44897599
62442451
57266191
24259031
91449973
49026883
91306489
76220239
49200803
56456021
98127149
32733509
90422897
70444901
55785547
33050189
72822527
27150493
14712427
48880079
84381833
12234559
92829811
37152959
34738399
71951489
59002109
15550823
92096093
73090559
16041407
35686163
92332363
39450721
51940633
13287167
