33130631
47132719
89045221
40569553
78508063
65345341
15471557
96647231
37834217
77122337
97183061
42172049
23792449
54397897
12030877
97006141
48549383
25758617
37452977
79151489
78734659
19164499
62927569
13517381
43258967
87786287
26882591
10978313
44817319
92602283
22313453
14695039
11400959
63539033
86811359
57816103
94797203
94826749
67121683
73783687
18412931
70347583
62747539
98267251
83625341
10138621
20761067
98657729
65603669
97855391
77729363
68769901
91701479
64051511
51036773
16882561
88069393
99454763
97783657
65564197
46174861
48341959
75820607
68681603
39437269
79402927
52625281
51003263
78095207
16588031
96508931
58752121
37911557
46425667
74381077
54067133
37580899
50133823
79318399
99987611
71733637
11806063
52012001
84066347
37278727
76800377
67174001
33340577
48586201
81069431
97653047
21615119
67605047
82931437
26775989
19955147
85885831
58641601
26868503
29998541
