86053753
73472207
52969121
20725547
60997901
47908829
11728021
55749847
93031069
69122257
27594977
37313527
11736667
16224127
12372163
95078149
31141897
75538321
83281813
61687933
25955851
30532361
12699433
52358609
40057999
74009753
77788307
42563327
84837329
72021151
82406581
80955031
56091311
42799063
96187073
58413137
90944411
57632209
80039293
27223297
73737199
89149031
76169729
42461857
40767371
28339369
53437847
84851069
41629723
79313827
59460637
31468559
41681509
88752281
54722179
30656543
39825389
53580173
37017269
41443253
72290833
38500069
69879857
85334257
65836471
60156059
27962489
52624139
73256257
94779161
53899007
30632359
45412841
23616127
42232147
55030889
24812969
68091823
94229753
22862233
32882023
14824661
88985279
65904893
72173833
18601421
81666029
93992531
79824131
88187513
51468259
15188839
88462489
16871177
70472239
60978227
85695359
57663757
68758427
41978081
