21226613
82891979
60652409
62473399
46350877
35240939
33531097
10101869
80285099
99455467
31467301
42337951
29726813
17780647
44955541
10516943
66400951
34451419
70770841
73509409
19324573
95685211
41271941
80391271
39838847
82645691
37415981
10342063
60455047
90145277
73302277
93509239
18664981
29251471
99771169
47418991
68700521
64572367
48254201
98381749
17957969
74630483
70841053
63911951
31787381
85447447
77656307
33594497
31281329
28496087
84982537
31862137
60576589
81597553
77742869
55165933
65590883
54731021
64231103
51425579
40559989
93947363
60263779
71323009
23244373
53436637
73631297
30099649
43047617
35097449
67697989
53848117
49573057
80918083
98302277
81635159
68975209
87246673
51089473
77300471
37685371
13800151
32975161
50372893
90172889
96700741
36402683
82254881
15780377
83384311
66955831
48760219
58039613
56118539
94390451
48899899
69723347
36444959
56561833
68236321
