11869601
86431679
89585737
14333701
30562669
29541487
62250163
62729321
45407227
36701393
66384023
64150007
65390987
58580243
64231733
89490803
91711003
78718667
80743469
55615757
42016109
55015657
51139813
67125467
32925593
36124799
57611753
41613527
92638841
12340879
29848249
51636869
33942281
23166697
61224071
59801591
24321793
88123499
83700671
45748741
97813451
37675291
67076341
65119039
85720003
25862437
14649911
80810497
63045379
32494243
47251753
83338667
42228283
37225999
98472043
88697009
86462197
86140987
60331357
78347903
43873171
60801271
20068063
47524133
97304461
17498953
26951453
94366487
92856341
64585667
85348223
48767311
53996819
62342543
68059939
18466849
53770537
52697201
61281853
76830139
95170609
92255099
60254371
10846859
15981557
83540239
78865433
99887353
69292081
96317219
25758379
45538093
30603581
69842809
34693843
60160049
31340087
96290807
43160867
90591407
