29170307
18332123
80861327
72669733
92280421
33742447
63924583
81546029
89316223
21138223
12185189
82073081
73534121
14502431
24586621
44009717
11052793
62182327
22010983
63104477
77572993
38924143
16007809
71208959
51472019
98257609
87388559
25181501
74936129
76991207
68128861
85683343
64238423
51367259
70717063
73396459
29345681
21660169
57393361
91650913
47712433
30707351
52030157
13435663
75109163
63141241
90602531
70496353
78169109
39466997
11409323
95708449
42146851
35018231
22098451
71532121
94877441
53000921
19446407
98320301
96486953
95563571
38024131
55300093
20439619
96325661
24991073
77315233
23864563
20049889
61992349
63434719
81276773
88463533
16983719
40738381
72643271
11548391
10782529
24398089
92301133
14231383
61832921
43756789
62508209
27483419
12725107
59626817
10885051
35504569
53119133
77993129
16488503
44863003
63904949
74636039
37783589
37448387
74176981
41986457
