54511243
50901871
64441243
94780229
39297611
85854827
79214651
42403561
54624881
40280729
10142593
25199557
95419867
67935641
61296853
84666083
54908611
84625699
98125477
68159899
69121517
11121611
49826317
23965321
93398983
70883993
42447151
59966447
99577241
59835829
68348443
68410547
84983749
74668691
95462009
68550611
61180363
23720141
69884207
26254357
18737239
86518829
72702811
17976797
57616249
16236299
55194431
46959421
58267117
43600793
13928353
70374809
59318011
20735083
88872397
12224159
32931013
54059293
13074781
40449011
49383749
50644889
63173471
38443549
65568761
40564793
65626279
80663159
79628917
26353739
80010157
16490549
61965353
18438089
11207941
22804181
93832693
76817047
11327509
34590527
55587271
56613211
74209439
84766273
63113521
30970883
60658457
12622387
56350267
39607157
36093769
21499837
22913621
19872637
85919551
56335823
71700667
27994709
52387633
35822177
