95753143
51763307
25011737
95960261
63771439
83336203
65136119
51818953
23837633
93667267
81085289
54165229
92341153
33823969
24870077
34593877
42837737
33847117
28450553
11104991
86381861
72017591
92198213
58485103
35521597
71671661
44553877
47108311
18804707
84831589
47545387
30195947
76347209
40127687
16134271
59852951
86192791
92081579
48102787
42779207
95238553
71588401
68964241
85929029
16688677
24383363
85640609
99030401
95625883
58458601
16129199
69501841
69247489
66752893
88707809
72196037
69295691
29989873
16339513
29105501
69712939
61122821
65775631
35878429
77649581
22933297
13545199
15428603
12674927
54103481
31726061
97143653
48393337
44534473
12303353
31965889
98349827
20566613
38429357
28950611
43308077
94931813
65706437
23786557
60821623
83331121
26070263
49745123
40898687
56447071
29596393
39941191
50145493
30651889
93039083
14413859
77714473
19519471
35396807
96750733
