14271739
83761523
78279217
92467919
27907459
71397779
10488091
58087907
10059383
58398149
39875371
97691357
62513053
64448719
88374127
14802973
98452867
38830931
37429921
97207267
76000121
40988951
48374419
65942411
61850101
21074939
98860261
62759947
33971293
32587013
55046081
43283507
88582547
27404627
73082923
28241377
99311327
48703411
67305377
59522531
76927717
72471797
13986887
97876111
66051877
40893001
17472977
19827827
46785007
67535233
32220679
47655221
34782047
82313771
23076343
28041043
22190579
22059113
80925773
93136403
52203427
80133787
14980333
78443851
28781023
23216777
75216367
31341551
40529389
24543439
51458123
11759149
91362283
41192623
66001541
67247021
43909297
78669163
26136169
25406803
65323103
15951139
66834319
70534019
18897173
55498067
43233653
19891117
82172711
68255741
34818677
92296829
54628253
78812021
69248677
50434457
33671669
25641691
64067131
13301557
