21978967
75437471
94416367
55577087
59311171
27547831
81776789
39402317
31032389
35268791
43932643
10141993
73841359
38278319
32371523
55056949
56740877
12158431
22557233
80905003
51082223
25430917
18641039
64518001
25339207
33134393
27700417
96280133
42574009
11419781
28751711
84926953
50659493
72149533
97586407
37662593
11247097
86654809
24563629
41655869
97149277
46801973
52912499
83719819
72144887
44143483
96746189
11349031
68921483
45706273
58166767
27039589
13986179
13515377
31517909
60734111
11772443
58983599
51152663
97034059
83981353
37425793
99267067
18734981
54411403
97080121
32623559
59429771
46361489
35287003
39716291
87936851
29319041
87727907
11014781
62331427
70974287
37156463
31291853
22381459
38277823
13151107
81676433
36360979
35282921
52440097
52255213
58497619
84136841
75019013
38856739
50018239
69873619
83346149
38894447
36181319
41565283
83331863
72753341
22217381
