49230563
88438873
14518883
47158079
74632799
78099529
72509783
74818199
21055343
88631177
51431459
64740037
35224421
34326983
40590371
26378449
68446397
53619341
24938741
56794957
64289501
12588437
42683863
71203663
55289071
79017569
62637373
42183041
52956947
67036657
88012369
16679303
90489247
61499639
86131483
40160401
78347923
50463223
48954337
70789669
49489789
14118397
61034003
72016969
30916147
33825227
76557139
37908989
24501173
20978077
44977909
81314719
96631351
37104101
10266367
72710527
35794069
98522519
47354569
24911753
44123071
38712881
19102637
90148139
63287369
55052533
15388547
72407521
93187117
69987857
77150597
47097299
84373087
74333711
54067879
22792043
91510613
32378113
61761439
36816349
25984219
12378403
63298919
16071371
46594567
97407413
34539361
37784801
73419331
65825917
84440947
50006023
99008053
90979571
36434977
44083009
78722249
75606617
80659039
23173693
