10145071
41199563
18748021
79852667
71948729
90948101
12407243
42434083
33806581
17467321
94679803
76434689
46720313
10518853
92557099
36183547
55681739
87943169
37501613
39434971
20344039
23361589
45860627
69788603
77003441
93074897
42508049
64822987
44741033
20032501
19494947
49736023
93139103
72667201
53244259
75314567
17354593
63259489
12212881
42916429
82285261
79843859
33601697
89264647
83980151
76713031
61542011
70506329
72726163
77094967
30736711
13531669
93223033
26216581
27130877
64656961
64509983
76675513
35887939
60497929
45344513
54118133
65854471
46680847
87585749
66953507
33776849
91998337
44097769
74240743
71751023
29185703
69300661
15212053
81524341
97506037
19686319
96055909
26352901
30664321
81743071
36418241
92044129
25474751
81692911
63056641
16393163
26947939
41346707
52450291
25482293
44585977
47482823
34213093
42915941
43285367
62463409
57531827
42176207
38948671
