93524113
28484899
96389393
58587853
36038243
51435721
22864477
77255377
72390863
77473589
32563451
74097949
39481727
15186817
15666173
23796737
64610593
60511991
20605867
25939013
69091751
11584553
33344999
27092839
89039017
47776837
79667251
11892421
19747991
36482737
45286789
83772823
35646277
20267911
69211411
57457397
92305033
87020581
34193251
92908883
45340643
61350893
77296133
52801381
57036439
89165243
17384011
46507831
19738373
33796129
28423897
32790533
86341279
77007629
14340281
45389503
17812643
84608831
89654639
40662697
27710041
64145041
68441909
51398071
62922997
43267687
83595007
30243571
13313557
47530751
73442827
11448581
26972819
42780301
45578081
52964071
35008073
20708497
22600661
63111151
14473163
30152963
49469867
59507053
47805557
80499907
83764567
43301603
83961533
91790131
66200933
17697989
37989041
75659377
36966179
76345601
73764437
19119479
34313479
84384637
