10314361
67030721
39218807
48091507
63085889
45533879
69820291
74253097
33469273
46325269
51178121
64351559
81097019
70506959
76008197
34927433
55131859
83442587
64263911
46549169
59248831
63740029
26544299
33038231
68236397
88398199
21113083
60306011
71795557
20232973
55148161
16697617
47815841
13740127
36260033
22580401
10695673
99824603
73155431
61192973
72853409
41337697
63218759
89166551
68462701
71076581
32819491
30567101
83142509
57982201
26279719
37378241
73080473
33177649
87235601
25595039
15971833
56614157
37030789
68137177
42785861
38119097
97342043
44914073
78483673
14314379
13980269
40812679
21765533
34254673
17992801
14382757
69168361
69973357
40878737
37418621
25406039
96546269
96969869
40811977
89236571
32648563
27445027
97451593
79293607
70829713
19193089
38438417
17314379
79125071
10197217
91391057
82190387
51288977
91385729
82180429
66482681
11807867
24615601
16872101
