72367621
12144787
80142869
90068123
86096027
40848469
37062671
58752893
42469979
78273397
91874429
52016743
61482073
39507529
95063699
20993611
58314661
72978539
52836257
27618743
98504603
25940429
34372357
39214807
36005003
22990603
33549349
71615821
76573001
27112861
79917353
73926907
62380867
22407841
94024199
35791603
88747817
70804369
83302097
82670377
86865439
57416431
12844841
96299963
46622747
50203327
62988161
91289879
26437877
53747341
84442951
62023631
52814543
63904007
27416057
84174781
78253009
83099657
16339087
11763331
44706059
77867507
65709949
91524241
23630239
72985427
16988879
27577559
78739301
79127387
31369099
21196067
94267361
64597553
19573049
28891531
20458777
86102111
41473643
78561683
78201203
12515759
65149801
93855247
13356191
50482199
13712971
27205439
45727063
53710297
86693197
22673507
78672133
67298369
27767323
86533817
61723313
80245201
47802191
20024143
