32810363
42847291
61432409
35637347
58964783
37249799
88162163
64302851
27140977
42512567
37030859
22095629
39216371
15151639
77764693
93130523
27119129
82051999
37521877
77606699
82399981
57123361
47918947
54283309
70350697
88324219
71102167
25562527
85495213
74142031
81368117
41152583
34384573
70472279
93353917
32429099
28503823
31803589
89945231
94712677
27829331
55088389
90545981
92648923
89107771
93903169
31710319
93132469
36370643
79927769
43486999
12100763
94244849
37883453
20838043
15905321
81897107
71005967
93983611
38774999
54333577
79269023
46927217
93631247
36664339
86137741
65884523
10579721
71408611
90047693
62666993
76141817
14721989
62405353
63969349
51342661
50953627
68217509
67072913
38758177
19764739
41122721
67940317
36475423
95586443
59790743
69948233
44450617
68996099
11739557
23244521
81920959
31995527
21177907
38325863
44202299
71152951
54480593
21464719
62902181
