61622207
52039007
25975877
91103533
10276589
22485563
31669819
14858707
40341347
35164253
77279827
81213647
44754491
30524407
27961111
57174911
38287607
77765869
76294951
39450139
88696957
27660593
30423191
33535529
73621831
16574771
29772163
92227357
41541119
39014617
72128711
93066121
11100931
13578377
50059393
96815549
24127177
29247107
18305867
30209681
80635117
72141793
64742989
40325651
25937011
89882069
17042189
13286431
96486673
24317707
24413021
45909371
58223107
88773821
62938121
20274439
60713651
28882349
37533761
31855669
52825823
95265649
17832343
43199603
65343919
22154233
29786657
46804003
81156151
51422543
73699949
44816263
37946977
84506111
29634061
32405693
79074007
81510227
53368813
31972429
76683781
18687491
73964057
33894281
91970539
89275337
64121137
11922893
38062069
30588323
96495863
80080361
25156759
39871969
42571687
73654411
99499207
40566521
69961889
59017771
