51168701
48060209
43320643
62868389
75165659
78929687
26544527
91704563
43247891
29140049
54109927
96720781
64407899
11843941
46924897
58604479
86597947
98254733
94178831
54439859
83160223
61626011
73439741
93142723
41073913
64851767
39021601
39699089
59625107
31935977
84395719
10349023
66989479
47887247
61626553
68879803
44236573
63413501
96080653
29492381
73906643
37360231
55198607
48094049
77843111
45564733
22153067
23703101
77638273
50011417
42634133
61295243
49576987
31432361
72914081
11571467
13893277
40045067
82286909
64538297
26712943
74642459
52008167
14450959
44853229
74334607
43010413
40264733
17430419
19685849
35577929
21835087
76139699
80809159
10601663
54920683
90259489
92138197
22754231
61188233
31986653
49470613
55611379
91574419
57640061
93412339
84370301
68272403
61018021
91107889
49659301
80883139
61387241
92469841
87289201
10953521
85090193
93527339
48901981
22304729
