46692043
29731021
29884507
20595989
68217377
66065771
92561611
96164099
72786023
65564113
56671541
56381903
62812523
70090253
82619893
36674149
93605867
37896097
90437143
53230867
84346667
74251201
37829521
89894471
26511031
27410209
64922621
91253237
73253767
57243553
53492951
15844553
32640599
52012841
11851409
33356359
91316567
48241519
33233989
16469647
73128281
44553937
17142677
78592183
10059821
36468053
11489209
99940537
45276983
68694877
11051111
34554661
64234439
33561769
98788589
48018671
40077413
99838847
23242951
28198553
97851667
36804809
21365819
79008667
26465749
62180341
32897863
27220607
22755527
16907857
46038683
89925851
21273023
19200637
96061733
38241107
80734609
71608931
39491729
29356991
65776441
86506439
39842239
61527173
30937939
49171933
91048267
56976697
85716181
84905567
48108041
76597681
57440413
28460441
22270757
88633949
19916191
20851907
78268037
97714259
