20828419
99930893
39819883
43648247
37602031
91856561
99881503
11789587
12558671
24595691
61235957
20030261
32120911
70591211
36874507
89428463
77574751
19394899
11962477
89892503
55531291
97156559
72599837
70641539
75219541
13525363
70223533
31519699
34295143
48998527
29541797
12239543
73834331
19598147
18477971
44829703
83163581
99714103
74245763
87223373
98105429
30203891
40207927
92391139
84991019
16937357
29801293
14815139
63745813
26908631
64959667
76367693
98475187
16611341
87076807
58500103
43111231
96918673
88819337
53774153
46710959
20750131
67220107
98035793
23595791
14962067
19019681
49644409
11657743
33337919
70402573
98015347
44612033
23061449
41734939
42427183
29219459
29869711
60966443
22829371
59988881
10263091
62114827
52195669
50026579
85765661
80664877
27811073
30065261
77579479
70023439
65554127
50311213
68533841
60529841
61007113
45956299
11461789
23371529
47441629
